HOR	0	1
AB	2.471	2.106
ABCBEyCDEFGH	0.082	2.301
ABCDEF	0.823	1.878
ABCDEFGH	314.644	589.439
ABCDEFGO	197.265	53.558
ABCDEFGOGH	1.598	0.635
ABCDEFWO	0.908	0.238
ABCDEFkH	9.229	28.697
ABCDEfGO	7.060	2.669
ABCDEyCDEFGH	1.571	6.799
ABCDEyCDEyEFGH	0.562	8.144
ABCDEyEFGH	12.252	71.729
ABCDEyEFkH	0.950	6.031
ABCFGH	0.278	2.754
ABCH	0.706	2.294
ABCyEDEFGH	0.086	1.078
ABCyEFGH	0.793	7.860
ABCyEyEFGH	0.652	6.291
ABEF	2.879	3.740
ABEFGH	812.076	783.660
ABEFGhCDEFGH	3.858	1.733
ABEFkH	0.737	4.741
ABEyCDEFGH	5.333	5.906
ABEyCDEyEyEFGH	0.073	2.827
ABEyEFGH	1.098	4.775
ABEyEz	1.827	1.750
ABEz	101.693	118.669
ADEFGH	2.515	5.410
ADEFGO	0.564	0.084
AFGH	11.071	8.584
AFGO	0.986	0.282
AH	0.368	1.968
AfGH	13.670	6.634
AyEFGH	10.394	7.118
AyEz	0.754	7.148
HOR	0	1
AB	10.091	9.174
ABCBEyCDEFGH	0.159	6.659
ABCDEF	3.178	6.256
ABCDEFGH	13673.988	75661.393
ABCDEFGO	191735.862	49557.595
ABCDEFGOGH	12.147	4.199
ABCDEFWO	4.590	1.174
ABCDEFkH	27.385	80.948
ABCDEfGO	153.888	36.794
ABCDEyCDEFGH	1.125	14.509
ABCDEyCDEyEFGH	1.889	22.231
ABCDEyEFGH	211.498	708.940
ABCDEyEFkH	3.749	9.795
ABCFGH	0.360	5.394
ABCH	1.123	9.263
ABCyEDEFGH	0.434	6.716
ABCyEFGH	6.289	74.885
ABCyEyEFGH	3.523	44.933
ABEF	7.242	7.497
ABEFGH	104149.089	69132.241
ABEFGhCDEFGH	7.039	3.652
ABEFkH	0.529	9.862
ABEyCDEFGH	5.879	11.606
ABEyCDEyEyEFGH	0.184	12.031
ABEyEFGH	1.519	13.881
ABEyEz	6.344	4.683
ABEz	1335.889	665.352
ADEFGH	2.310	45.147
ADEFGO	2.536	0.176
AFGH	33.871	23.914
AFGO	5.042	1.836
AH	0.249	4.673
AfGH	43.063	20.424
AyEFGH	129.371	84.937
AyEz	1.415	14.962
HOR	0	1	2
AB	2.101	2.110	3.614
ABCBEyCDEFGH	2.259	0.139	0.780
ABCDEF	1.930	0.721	1.245
ABCDEFGH	588.771	350.003	282.490
ABCDEFGO	11.336	3.332	1021.457
ABCDEFGOGH	0.290	0.044	8.296
ABCDEFWO	0.025	0.001	4.838
ABCDEFkH	29.259	10.186	9.249
ABCDEfGO	1.509	1.620	29.949
ABCDEyCDEFGH	6.894	1.816	1.894
ABCDEyCDEyEFGH	8.258	0.680	1.958
ABCDEyEFGH	72.738	13.824	20.402
ABCDEyEFkH	6.201	0.944	1.717
ABCFGH	2.760	0.339	0.811
ABCH	2.278	0.869	0.723
ABCyEDEFGH	1.107	0.021	0.472
ABCyEFGH	7.981	0.738	2.579
ABCyEyEFGH	6.489	0.614	1.559
ABEF	3.846	3.040	2.076
ABEFGH	794.512	919.739	382.580
ABEFGhCDEFGH	1.722	4.471	1.156
ABEFkH	4.711	0.961	1.362
ABEyCDEFGH	5.966	6.074	2.689
ABEyCDEyEyEFGH	2.662	0.379	0.692
ABEyEFGH	4.883	1.171	1.465
ABEyEz	1.799	1.869	1.421
ABEz	119.980	115.710	52.691
ADEFGH	5.680	2.748	1.289
ADEFGO	0.013	0.0	2.691
AFGH	8.782	12.405	4.773
AFGO	0.046	0.002	5.288
AH	2.013	0.347	0.714
AfGH	6.738	15.367	5.182
AyEFGH	7.427	10.832	6.364
AyEz	7.196	0.865	2.127
HOR	0	1	2
AB	9.635	10.357	5.113
ABCBEyCDEFGH	6.596	0.259	4.205
ABCDEF	6.532	2.779	3.858
ABCDEFGH	78121.594	14076.704	40930.538
ABCDEFGO	4912.288	2.017	148295.861
ABCDEFGOGH	0.705	0.028	11.359
ABCDEFWO	0.051	0.000	4.944
ABCDEFkH	78.825	22.730	78.536
ABCDEfGO	4.353	0.652	121.891
ABCDEyCDEFGH	15.031	1.119	6.251
ABCDEyCDEyEFGH	22.698	2.272	12.444
ABCDEyEFGH	723.899	228.530	689.553
ABCDEyEFkH	9.774	3.425	5.866
ABCFGH	5.611	0.502	1.924
ABCH	9.363	1.304	3.622
ABCyEDEFGH	6.999	0.006	2.392
ABCyEFGH	77.299	3.461	30.281
ABCyEyEFGH	45.894	3.402	10.379
ABEF	7.720	7.624	3.613
ABEFGH	67260.380	56867.222	42277.316
ABEFGhCDEFGH	3.275	6.011	4.027
ABEFkH	10.079	1.065	6.376
ABEyCDEFGH	11.798	3.714	5.097
ABEyCDEyEyEFGH	10.981	3.499	3.856
ABEyEFGH	14.415	1.695	2.366
ABEyEz	4.920	6.650	3.624
ABEz	622.460	597.450	645.215
ADEFGH	46.773	2.258	0.785
ADEFGO	0.012	0.0	5.460
AFGH	23.570	27.124	16.638
AFGO	0.121	0.000	6.072
AH	4.861	0.182	0.921
AfGH	20.200	31.770	16.468
AyEFGH	88.658	133.148	83.508
AyEz	15.325	1.681	11.118
HOR	0	1	2	3
AB	1.757	3.614	2.205	2.314
ABCBEyCDEFGH	0.640	0.780	4.196	0.080
ABCDEF	2.522	1.245	1.152	0.749
ABCDEFGH	440.393	282.490	772.963	339.068
ABCDEFGO	3.054	1021.457	20.930	3.298
ABCDEFGOGH	0.047	8.296	0.592	0.028
ABCDEFWO	0.002	4.838	0.052	0.001
ABCDEFkH	30.757	9.249	26.914	10.184
ABCDEfGO	0.750	29.949	2.413	1.618
ABCDEyCDEFGH	4.687	1.894	9.196	1.921
ABCDEyCDEyEFGH	8.113	1.958	8.114	0.737
ABCDEyEFGH	72.945	20.402	71.002	13.624
ABCDEyEFkH	7.480	1.717	4.439	1.006
ABCFGH	3.916	0.811	1.477	0.232
ABCH	0.588	0.723	4.383	0.767
ABCyEDEFGH	2.004	0.472	0.019	0.017
ABCyEFGH	11.190	2.579	4.419	0.432
ABCyEyEFGH	10.918	1.559	1.336	0.438
ABEF	3.303	2.076	4.221	3.205
ABEFGH	681.720	382.580	942.555	912.289
ABEFGhCDEFGH	1.822	1.156	1.844	4.365
ABEFkH	2.715	1.362	7.017	0.920
ABEyCDEFGH	3.617	2.689	8.654	6.136
ABEyCDEyEyEFGH	0.359	0.692	5.706	0.113
ABEyEFGH	6.531	1.465	2.822	1.172
ABEyEz	1.346	1.421	2.178	1.977
ABEz	109.227	52.691	134.109	114.655
ADEFGH	8.487	1.289	2.300	2.732
ADEFGO	0.0	2.691	0.028	0.0
AFGH	7.690	4.773	9.902	12.597
AFGO	0.010	5.288	0.086	0.002
AH	2.409	0.714	1.454	0.374
AfGH	6.777	5.182	7.088	15.276
AyEFGH	5.754	6.364	8.898	11.247
AyEz	6.723	2.127	7.565	0.864
HOR	0	1	2	3
AB	7.259	5.113	10.036	11.957
ABCBEyCDEFGH	0.836	4.205	6.282	0.157
ABCDEF	10.143	3.858	1.267	2.835
ABCDEFGH	17300.244	40930.538	89895.742	8945.718
ABCDEFGO	21.265	148295.861	10456.058	2.081
ABCDEFGOGH	0.017	11.359	1.350	0.018
ABCDEFWO	0.000	4.944	0.109	0.000
ABCDEFkH	83.902	78.536	73.500	23.815
ABCDEfGO	0.515	121.891	7.345	0.644
ABCDEyCDEFGH	5.524	6.251	15.925	2.005
ABCDEyCDEyEFGH	27.342	12.444	19.025	2.883
ABCDEyEFGH	769.757	689.553	721.959	236.717
ABCDEyEFkH	8.280	5.866	7.636	3.800
ABCFGH	6.448	1.924	1.020	0.260
ABCH	0.693	3.622	12.315	0.563
ABCyEDEFGH	10.999	2.392	0.009	0.005
ABCyEFGH	113.770	30.281	5.846	1.279
ABCyEyEFGH	38.705	10.379	3.944	1.565
ABEF	6.602	3.613	7.499	8.668
ABEFGH	27843.883	42277.316	74012.061	61146.835
ABEFGhCDEFGH	3.648	4.027	3.715	6.225
ABEFkH	2.858	6.376	8.599	0.863
ABEyCDEFGH	3.717	5.097	7.283	3.737
ABEyCDEyEyEFGH	2.093	3.856	8.699	0.262
ABEyEFGH	18.672	2.366	1.553	2.038
ABEyEz	4.876	3.624	4.171	6.987
ABEz	362.613	645.215	551.519	618.807
ADEFGH	61.357	0.785	7.928	2.245
ADEFGO	0.0	5.460	0.027	0.0
AFGH	20.584	16.638	20.734	28.764
AFGO	0.009	6.072	0.249	0.000
AH	7.832	0.921	0.936	0.217
AfGH	22.227	16.468	18.643	34.695
AyEFGH	58.579	83.508	114.242	135.254
AyEz	16.623	11.118	14.028	1.937
HOR	0	1	2	3	4
AB	1.298	1.808	3.614	2.294	2.452
ABCBEyCDEFGH	1.427	0.458	0.780	4.260	0.013
ABCDEF	2.188	2.267	1.245	1.069	0.719
ABCDEFGH	589.688	389.858	282.490	776.098	336.989
ABCDEFGO	4.31	2.561	1021.457	21.799	3.482
ABCDEFGOGH	0.082	0.054	8.296	0.603	0.021
ABCDEFWO	0.010	0.0	4.838	0.054	0.001
ABCDEFkH	42.217	24.852	9.249	26.733	8.486
ABCDEfGO	0.621	0.892	29.949	2.463	1.722
ABCDEyCDEFGH	7.220	3.895	1.894	9.299	1.517
ABCDEyCDEyEFGH	13.064	5.716	1.958	8.306	0.027
ABCDEyEFGH	109.342	56.481	20.402	70.895	7.322
ABCDEyEFkH	10.127	6.043	1.717	4.306	0.309
ABCFGH	6.399	2.463	0.811	1.491	0.094
ABCH	0.822	0.628	0.723	4.530	0.732
ABCyEDEFGH	5.616	0.524	0.472	0.017	0.0
ABCyEFGH	23.861	5.518	2.579	4.421	0.024
ABCyEyEFGH	14.666	7.702	1.559	1.289	0.0
ABEF	5.210	2.534	2.076	4.259	3.428
ABEFGH	635.114	686.614	382.580	940.989	979.823
ABEFGhCDEFGH	0.795	2.243	1.156	1.796	4.808
ABEFkH	4.462	2.281	1.362	7.009	0.665
ABEyCDEFGH	2.733	4.231	2.689	8.704	6.463
ABEyCDEyEyEFGH	1.233	0.220	0.692	5.914	0.001
ABEyEFGH	7.663	5.140	1.465	2.938	0.843
ABEyEz	0.630	1.488	1.421	2.236	2.148
ABEz	114.609	106.415	52.691	133.51	118.508
ADEFGH	11.907	6.205	1.289	2.024	2.792
ADEFGO	0.0	0.0	2.691	0.030	0.0
AFGH	3.809	8.813	4.773	9.945	13.626
AFGO	0.0	0.010	5.288	0.090	0.002
AH	5.454	1.201	0.714	1.428	0.290
AfGH	1.860	8.509	5.182	6.955	16.823
AyEFGH	1.973	6.588	6.364	9.096	12.567
AyEz	11.063	4.721	2.127	7.614	0.399
HOR	0	1	2	3	4
AB	0.819	9.551	5.113	10.383	12.090
ABCBEyCDEFGH	4.066	0.396	4.205	5.942	0.007
ABCDEF	2.707	10.440	3.858	0.845	3.342
ABCDEFGH	38821.699	11294.587	40930.538	88961.065	7080.018
ABCDEFGO	75.164	1.862	148295.861	10945.064	1.729
ABCDEFGOGH	0.017	0.020	11.359	1.412	0.019
ABCDEFWO	0.002	0.0	4.944	0.114	0.000
ABCDEFkH	74.337	47.786	78.536	63.380	4.601
ABCDEfGO	0.731	0.515	121.891	7.619	0.581
ABCDEyCDEFGH	6.190	3.224	6.251	16.241	0.431
ABCDEyCDEyEFGH	43.172	7.475	12.444	20.526	0.018
ABCDEyEFGH	769.200	284.908	689.553	635.330	7.832
ABCDEyEFkH	16.394	6.984	5.866	4.053	0.130
ABCFGH	11.158	2.318	1.924	0.995	0.060
ABCH	1.694	0.594	3.622	12.349	0.437
ABCyEDEFGH	17.928	1.565	2.392	0.009	0.0
ABCyEFGH	135.145	22.967	30.281	5.711	0.023
ABCyEyEFGH	45.372	31.813	10.379	4.932	0.0
ABEF	8.064	5.241	3.613	7.867	8.309
ABEFGH	33421.774	36183.147	42277.316	73080.751	39632.220
ABEFGhCDEFGH	3.358	3.101	4.027	3.606	5.972
ABEFkH	8.585	1.300	6.376	8.494	0.281
ABEyCDEFGH	4.433	4.348	5.097	7.075	2.879
ABEyCDEyEyEFGH	5.456	0.541	3.856	8.424	0.000
ABEyEFGH	24.696	15.057	2.366	1.991	1.136
ABEyEz	0.253	5.584	3.624	4.268	7.518
ABEz	476.701	551.512	645.215	554.340	453.457
ADEFGH	128.858	32.578	0.785	1.680	2.090
ADEFGO	0.0	0.0	5.460	0.028	0.0
AFGH	5.413	20.211	16.638	21.114	23.364
AFGO	0.0	0.009	6.072	0.261	0.000
AH	11.674	1.548	0.921	0.885	0.172
AfGH	11.103	15.209	16.468	18.235	24.611
AyEFGH	1.624	61.571	83.508	118.962	147.367
AyEz	25.837	4.451	11.118	14.423	0.653
HOR	0	1	2	3	4	5
AB	8.674	1.117	1.298	0.859	1.013	3.614
ABCBEyCDEFGH	1.005	0.007	1.427	0.441	4.537	0.780
ABCDEF	1.160	0.699	2.188	2.409	0.990	1.245
ABCDEFGH	637.853	311.571	589.688	366.644	736.915	282.490
ABCDEFGO	3.259	3.575	4.31	2.431	25.272	1021.457
ABCDEFGOGH	0.122	0.016	0.082	0.040	0.676	8.296
ABCDEFWO	0.003	0.0	0.010	0.0	0.065	4.838
ABCDEFkH	18.835	8.137	42.217	24.628	27.343	9.249
ABCDEfGO	1.800	1.694	0.621	0.824	2.518	29.949
ABCDEyCDEFGH	3.779	1.588	7.220	3.974	9.577	1.894
ABCDEyCDEyEFGH	3.253	0.020	13.064	5.823	8.745	1.958
ABCDEyEFGH	35.171	7.444	109.342	56.651	73.933	20.402
ABCDEyEFkH	3.520	0.197	10.127	5.929	4.364	1.717
ABCFGH	1.280	0.079	6.399	2.448	1.477	0.811
ABCH	1.657	0.836	0.822	0.697	4.416	0.723
ABCyEDEFGH	0.031	0.0	5.616	0.586	0.020	0.472
ABCyEFGH	2.588	0.011	23.861	5.635	4.511	2.579
ABCyEyEFGH	2.102	0.0	14.666	7.896	1.392	1.559
ABEF	8.066	2.441	5.210	1.955	3.233	2.076
ABEFGH	1022.948	972.058	635.114	663.906	889.049	382.580
ABEFGhCDEFGH	1.257	5.314	0.795	2.499	2.068	1.156
ABEFkH	2.240	0.692	4.462	2.323	7.414	1.362
ABEyCDEFGH	7.322	6.310	2.733	4.075	8.541	2.689
ABEyCDEyEyEFGH	1.667	0.0	1.233	0.220	6.005	0.692
ABEyEFGH	4.069	0.473	7.663	5.022	2.686	1.465
ABEyEz	5.570	1.372	0.630	1.01	1.503	1.421
ABEz	117.389	119.549	114.609	105.995	134.010	52.691
ADEFGH	5.216	2.431	11.907	6.024	1.647	1.289
ADEFGO	0.0	0.0	0.0	0.0	0.035	2.691
AFGH	17.546	12.514	3.809	7.740	8.571	4.773
AFGO	0.003	0.001	0.0	0.012	0.107	5.288
AH	1.265	0.174	5.454	1.176	1.367	0.714
AfGH	7.067	18.108	1.860	9.066	7.478	5.182
AyEFGH	24.767	9.378	1.973	4.677	5.874	6.364
AyEz	3.650	0.261	11.063	4.660	7.954	2.127
HOR	0	1	2	3	4	5
AB	9.580	3.023	0.819	0.998	1.276	5.113
ABCBEyCDEFGH	2.277	0.003	4.066	0.288	6.258	4.205
ABCDEF	0.577	3.994	2.707	11.795	0.829	3.858
ABCDEFGH	66360.685	4182.495	38821.699	8179.339	89197.758	40930.538
ABCDEFGO	1.815	1.658	75.164	1.609	12972.273	148295.861
ABCDEFGOGH	0.041	0.018	0.017	0.014	1.642	11.359
ABCDEFWO	0.000	0.0	0.002	0.0	0.136	4.944
ABCDEFkH	68.934	3.953	74.337	50.380	71.447	78.536
ABCDEfGO	0.638	0.574	0.731	0.489	8.973	121.891
ABCDEyCDEFGH	9.281	0.446	6.190	3.515	18.229	6.251
ABCDEyCDEyEFGH	9.251	0.013	43.172	8.200	22.545	12.444
ABCDEyEFGH	647.845	7.247	769.200	312.538	679.004	689.553
ABCDEyEFkH	8.529	0.060	16.394	7.272	4.339	5.866
ABCFGH	1.924	0.056	11.158	2.306	1.110	1.924
ABCH	8.363	0.441	1.694	0.616	12.704	3.622
ABCyEDEFGH	0.018	0.0	17.928	1.764	0.011	2.392
ABCyEFGH	7.388	0.008	135.145	25.219	6.446	30.281
ABCyEyEFGH	11.919	0.0	45.372	34.430	5.778	10.379
ABEF	7.584	3.301	8.064	1.932	2.159	3.613
ABEFGH	41814.320	38952.995	33421.774	34957.007	71479.919	42277.316
ABEFGhCDEFGH	1.872	5.367	3.358	3.010	3.831	4.027
ABEFkH	4.485	0.260	8.585	1.234	8.751	6.376
ABEyCDEFGH	5.493	2.431	4.433	4.649	7.945	5.097
ABEyCDEyEyEFGH	8.050	0.0	5.456	0.555	8.835	3.856
ABEyEFGH	4.203	0.350	24.696	16.322	2.008	2.366
ABEyEz	3.084	4.611	0.253	4.275	1.665	3.624
ABEz	298.215	481.300	476.701	609.808	631.370	645.215
ADEFGH	12.517	1.138	128.858	32.924	0.804	0.785
ADEFGO	0.0	0.0	0.0	0.0	0.033	5.460
AFGH	26.697	15.058	5.413	7.870	12.865	16.638
AFGO	0.000	0.000	0.0	0.010	0.309	6.072
AH	0.433	0.097	11.674	1.753	0.926	0.921
AfGH	16.192	17.979	11.103	14.760	19.362	16.468
AyEFGH	125.230	89.037	1.624	31.982	55.779	83.508
AyEz	7.352	0.404	25.837	4.599	15.911	11.118
