HOR	0	1
EAAABCD	0.259	7.490
EAABCD	14.109	239.754
EABCD	3017.324	4182.687
EABf	2.076	1.694
EACD	1.330	0.657
EAJCD	36.240	25.198
HOR	0	1
EAAABCD	0.787	10.594
EAABCD	1828.616	7517.651
EABCD	340137.345	428373.234
EABf	14.257	12.291
EACD	9.084	3.375
EAJCD	5047.598	2844.519
HOR	0	1	2
EAAABCD	0.470	8.110	2.210
EAABCD	22.635	258.961	70.559
EABCD	2925.633	4204.408	3736.335
EABf	0.464	0.163	7.815
EACD	1.130	0.68	1.466
EAJCD	1.561	0.171	147.584
HOR	0	1	2
EAAABCD	1.576	11.723	9.178
EAABCD	2883.072	8272.483	8575.309
EABCD	323229.210	432445.247	434925.174
EABf	0.279	0.063	19.246
EACD	9.432	4.448	4.424
EAJCD	110.261	0.084	2736.532
HOR	0	1	2	3
EAAABCD	0.622	8.476	2.377	1.091
EAABCD	29.149	266.321	75.865	42.831
EABCD	2904.460	4251.434	3760.424	3405.164
EABf	0.463	0.173	7.954	1.258
EACD	0.082	0.278	0.912	8.802
EAJCD	1.695	0.184	148.503	22.682
HOR	0	1	2	3
EAAABCD	2.173	11.386	9.480	5.172
EAABCD	3669.481	8559.360	8826.035	7459.208
EABCD	328051.318	426441.585	451319.959	326693.418
EABf	0.288	0.066	20.275	5.164
EACD	0.188	1.286	0.221	6.611
EAJCD	120.901	0.092	2926.187	2671.680
HOR	0	1	2	3	4
EAAABCD	0.039	5.581	2.377	0.943	12.163
EAABCD	2.131	194.055	75.865	36.983	374.173
EABCD	2809.242	3752.828	3760.424	3371.889	4895.128
EABf	0.515	0.227	7.954	1.313	0.051
EACD	0.092	0.276	0.912	8.943	0.281
EAJCD	2.041	0.185	148.503	23.668	0.098
HOR	0	1	2	3	4
EAAABCD	0.089	5.160	9.480	4.857	9.057
EAABCD	210.576	1824.350	8826.035	6940.248	6161.232
EABCD	323328.040	235041.508	451319.959	313761.761	321018.472
EABf	0.320	0.076	20.275	5.324	0.024
EACD	0.226	1.179	0.221	6.419	1.684
EAJCD	146.815	0.079	2926.187	2768.717	0.066
HOR	0	1	2	3	4	5
EAAABCD	5.644	0.039	5.959	0.026	0.943	12.260
EAABCD	195.160	2.131	188.369	2.035	36.983	378.795
EABCD	3758.397	2809.242	4311.769	3398.605	3371.889	4929.078
EABf	0.224	0.515	7.952	7.955	1.313	0.054
EACD	0.272	0.092	0.760	1.012	8.943	0.294
EAJCD	0.197	2.041	131.450	159.694	23.668	0.053
HOR	0	1	2	3	4	5
EAAABCD	5.367	0.089	2.303	0.017	4.857	9.264
EAABCD	1884.935	210.576	768.749	108.180	6940.248	5939.885
EABCD	233885.893	323328.040	299875.458	222526.184	313761.761	308533.675
EABf	0.076	0.320	12.874	25.704	5.324	0.026
EACD	1.163	0.226	0.132	0.259	6.419	1.760
EAJCD	0.090	146.815	987.455	3945.102	2768.717	0.019
