HOR	0	1
ABCBCDEFGH	7.923	3.375
ABCD	12.495	16.871
ABCDEBCDEFGH	13.415	17.717
ABCDEFEFGH	15.193	27.834
ABCDEFGBCDEFGH	26.132	29.423
ABCDEFGDtH	5.489	11.434
ABCDEFGFGH	3.478	0.929
ABCDEFGH	1065.946	1144.253
ABCDEFGHEFGH	12.126	1.756
ABCDEFGHkBCDEFGBCDEFGH	1.989	0.0
ABCDEFGuEFGH	4.042	0.627
ABCDEFtH	2.029	4.543
ABCDGH	3.779	0.023
ABCDIFGH	69.040	44.659
ABCDtH	26.098	46.607
ABCH	21.222	4.359
ADEFGH	4.733	6.906
ADIFGH	3.121	0.036
ADtH	2.670	6.124
AFGH	57.686	36.444
AuEFGH	3.067	0.008
HOR	0	1
ABCBCDEFGH	12.271	3.172
ABCD	15.880	22.815
ABCDEBCDEFGH	21.008	28.156
ABCDEFEFGH	56.013	113.925
ABCDEFGBCDEFGH	153.673	81.328
ABCDEFGDtH	8.525	14.647
ABCDEFGFGH	12.527	0.489
ABCDEFGH	42929.696	59318.030
ABCDEFGHEFGH	74.615	0.685
ABCDEFGHkBCDEFGBCDEFGH	8.998	0.0
ABCDEFGuEFGH	6.750	0.430
ABCDEFtH	2.929	6.772
ABCDGH	17.957	0.015
ABCDIFGH	592.971	101.584
ABCDtH	134.509	268.466
ABCH	89.900	3.359
ADEFGH	7.037	9.987
ADIFGH	11.819	0.017
ADtH	5.862	13.670
AFGH	1604.029	90.859
AuEFGH	9.794	0.004
HOR	0	1	2
ABCBCDEFGH	3.375	6.246	11.431
ABCD	16.871	11.439	14.704
ABCDEBCDEFGH	17.717	14.490	11.166
ABCDEFEFGH	27.834	16.224	13.037
ABCDEFGBCDEFGH	29.423	19.978	38.999
ABCDEFGDtH	11.434	5.073	6.357
ABCDEFGFGH	0.929	1.961	6.652
ABCDEFGH	1144.253	1108.712	976.527
ABCDEFGHEFGH	1.756	16.652	2.663
ABCDEFGHkBCDEFGBCDEFGH	0.0	0.141	5.853
ABCDEFGuEFGH	0.627	4.970	2.103
ABCDEFtH	4.543	2.115	1.849
ABCDGH	0.023	5.530	0.118
ABCDIFGH	44.659	76.470	53.504
ABCDtH	46.607	26.475	25.311
ABCH	4.359	20.116	23.535
ADEFGH	6.906	4.001	6.262
ADIFGH	0.036	3.558	2.206
ADtH	6.124	2.461	3.108
AFGH	36.444	32.727	109.873
AuEFGH	0.008	4.468	0.138
HOR	0	1	2
ABCBCDEFGH	3.172	6.059	7.113
ABCD	22.815	15.305	10.314
ABCDEBCDEFGH	28.156	22.443	11.102
ABCDEFEFGH	113.925	48.154	68.325
ABCDEFGBCDEFGH	81.328	40.859	146.356
ABCDEFGDtH	14.647	7.385	10.204
ABCDEFGFGH	0.489	1.249	21.695
ABCDEFGH	59318.030	40645.692	37485.503
ABCDEFGHEFGH	0.685	41.151	11.189
ABCDEFGHkBCDEFGBCDEFGH	0.0	0.921	3.612
ABCDEFGuEFGH	0.430	6.708	1.339
ABCDEFtH	6.772	3.050	2.761
ABCDGH	0.015	16.927	0.261
ABCDIFGH	101.584	512.062	420.801
ABCDtH	268.466	128.429	152.982
ABCH	3.359	73.423	121.206
ADEFGH	9.987	5.779	6.445
ADIFGH	0.017	13.493	7.498
ADtH	13.670	6.050	5.440
AFGH	90.859	134.524	611.689
AuEFGH	0.004	8.184	0.422
HOR	0	1	2	3
ABCBCDEFGH	6.292	2.654	4.126	11.431
ABCD	11.533	14.144	19.582	14.704
ABCDEBCDEFGH	14.546	15.740	19.696	11.166
ABCDEFEFGH	16.261	24.714	30.916	13.037
ABCDEFGBCDEFGH	20.061	23.734	35.151	38.999
ABCDEFGDtH	5.096	9.064	13.802	6.357
ABCDEFGFGH	1.978	0.787	1.077	6.652
ABCDEFGH	1112.429	980.632	1310.754	976.527
ABCDEFGHEFGH	16.820	1.872	1.710	2.663
ABCDEFGHkBCDEFGBCDEFGH	0.144	0.0	0.0	5.853
ABCDEFGuEFGH	5.038	0.670	0.595	2.103
ABCDEFtH	2.106	3.989	5.093	1.849
ABCDGH	5.600	0.048	0.021	0.118
ABCDIFGH	77.018	42.852	46.592	53.504
ABCDtH	26.513	35.385	57.946	25.311
ABCH	20.292	4.142	4.660	23.535
ADEFGH	3.986	5.174	8.668	6.262
ADIFGH	3.595	0.058	0.032	2.206
ADtH	2.465	4.542	7.715	3.108
AFGH	32.724	33.056	39.899	109.873
AuEFGH	4.536	0.020	0.010	0.138
HOR	0	1	2	3
ABCBCDEFGH	6.098	1.968	3.308	7.113
ABCD	15.232	15.546	16.096	10.314
ABCDEBCDEFGH	22.804	26.319	22.361	11.102
ABCDEFEFGH	49.186	63.165	148.275	68.325
ABCDEFGBCDEFGH	41.468	44.914	53.779	146.356
ABCDEFGDtH	7.530	7.186	11.375	10.204
ABCDEFGFGH	1.264	0.449	0.488	21.695
ABCDEFGH	40919.261	29813.577	34276.036	37485.503
ABCDEFGHEFGH	40.757	1.262	0.619	11.189
ABCDEFGHkBCDEFGBCDEFGH	0.941	0.0	0.0	3.612
ABCDEFGuEFGH	6.643	0.497	0.375	1.339
ABCDEFtH	3.115	3.633	9.423	2.761
ABCDGH	17.082	0.074	0.009	0.261
ABCDIFGH	509.559	96.799	99.856	420.801
ABCDtH	131.279	118.045	167.369	152.982
ABCH	73.636	3.968	3.212	121.206
ADEFGH	5.900	5.944	7.948	6.445
ADIFGH	13.737	0.050	0.019	7.498
ADtH	6.187	7.860	14.644	5.440
AFGH	137.581	75.024	83.297	611.689
AuEFGH	8.157	0.022	0.005	0.422
HOR	0	1	2	3	4
ABCBCDEFGH	6.349	2.660	4.092	11.246	7.261
ABCD	11.510	14.090	19.529	14.789	11.861
ABCDEBCDEFGH	13.981	15.707	19.652	11.315	16.767
ABCDEFEFGH	16.212	24.517	30.989	13.509	14.657
ABCDEFGBCDEFGH	20.395	23.655	35.005	39.485	19.448
ABCDEFGDtH	5.081	9.013	13.760	6.660	4.45
ABCDEFGFGH	2.006	0.793	1.065	6.507	2.921
ABCDEFGH	1125.934	976.503	1308.370	977.730	1014.165
ABCDEFGHEFGH	17.092	1.876	1.709	1.968	15.371
ABCDEFGHkBCDEFGBCDEFGH	0.166	0.0	0.0	5.780	1.054
ABCDEFGuEFGH	5.342	0.673	0.594	1.970	3.324
ABCDEFtH	1.924	3.962	5.098	1.938	2.822
ABCDGH	6.259	0.049	0.021	0.01	1.471
ABCDIFGH	70.518	42.658	46.711	49.447	122.048
ABCDtH	26.491	35.217	57.671	26.31	23.468
ABCH	17.775	4.111	4.681	21.597	40.589
ADEFGH	4.038	5.112	8.661	6.420	3.55
ADIFGH	2.208	0.059	0.032	1.643	12.811
ADtH	2.466	4.586	7.610	3.256	2.105
AFGH	33.382	32.954	39.866	109.475	41.268
AuEFGH	4.975	0.018	0.012	0.0	1.874
HOR	0	1	2	3	4
ABCBCDEFGH	6.830	2.004	3.305	6.676	13.932
ABCD	15.586	15.419	16.199	10.663	13.178
ABCDEBCDEFGH	19.461	26.727	22.078	11.142	43.225
ABCDEFEFGH	56.531	62.402	145.620	66.609	28.346
ABCDEFGBCDEFGH	46.640	45.474	53.805	148.215	20.244
ABCDEFGDtH	8.344	7.156	11.274	8.597	6.213
ABCDEFGFGH	1.398	0.452	0.490	22.296	9.282
ABCDEFGH	42921.592	29471.012	33935.966	39326.310	20117.090
ABCDEFGHEFGH	43.764	1.281	0.611	0.589	18.815
ABCDEFGHkBCDEFGBCDEFGH	1.086	0.0	0.0	3.671	7.780
ABCDEFGuEFGH	6.827	0.505	0.369	1.000	1.455
ABCDEFtH	3.120	3.652	9.253	2.720	3.011
ABCDGH	16.381	0.075	0.009	0.002	0.516
ABCDIFGH	254.037	91.315	104.002	61.557	121.866
ABCDtH	145.371	118.912	167.901	137.594	113.154
ABCH	33.087	3.937	3.230	40.520	130.372
ADEFGH	6.033	5.854	7.801	6.192	5.000
ADIFGH	0.829	0.051	0.018	0.550	2.044
ADtH	6.681	7.916	14.917	5.206	3.916
AFGH	148.991	74.888	82.793	638.615	1195.861
AuEFGH	7.858	0.022	0.006	0.0	0.895
HOR	0	1	2	3	4	5
ABCBCDEFGH	2.609	6.792	4.930	11.246	7.261	3.163
ABCD	12.830	11.604	20.500	14.789	11.861	16.885
ABCDEBCDEFGH	13.410	14.630	20.302	11.315	16.767	18.395
ABCDEFEFGH	22.139	15.920	29.960	13.509	14.657	29.134
ABCDEFGBCDEFGH	19.891	21.523	38.321	39.485	19.448	29.394
ABCDEFGDtH	7.956	4.862	15.481	6.660	4.45	10.959
ABCDEFGFGH	0.876	2.036	1.005	6.507	2.921	1.000
ABCDEFGH	889.665	1176.429	1413.898	977.730	1014.165	1140.564
ABCDEFGHEFGH	3.235	18.339	1.803	1.968	15.371	1.773
ABCDEFGHkBCDEFGBCDEFGH	0.0	0.21	0.0	5.780	1.054	0.0
ABCDEFGuEFGH	1.084	5.786	0.448	1.970	3.324	0.697
ABCDEFtH	3.340	1.775	4.587	1.938	2.822	5.036
ABCDGH	0.339	7.380	0.036	0.01	1.471	0.006
ABCDIFGH	44.801	71.342	47.483	49.447	122.048	45.041
ABCDtH	28.458	27.846	65.759	26.31	23.468	45.512
ABCH	5.172	18.850	4.880	21.597	40.589	4.435
ADEFGH	3.690	4.215	9.8	6.420	3.55	7.047
ADIFGH	0.313	2.278	0.049	1.643	12.811	0.038
ADtH	3.087	2.709	9.97	3.256	2.105	5.597
AFGH	31.595	34.339	39.044	109.475	41.268	37.409
AuEFGH	0.270	5.806	0.0	0.0	1.874	0.012
HOR	0	1	2	3	4	5
ABCBCDEFGH	2.119	7.225	3.741	6.676	13.932	1.955
ABCD	17.442	18.758	21.230	10.663	13.178	12.834
ABCDEBCDEFGH	21.480	19.426	20.605	11.142	43.225	23.439
ABCDEFEFGH	60.761	54.475	223.859	66.609	28.346	75.750
ABCDEFGBCDEFGH	42.153	43.009	61.174	148.215	20.244	34.502
ABCDEFGDtH	8.413	9.663	11.227	8.597	6.213	6.602
ABCDEFGFGH	0.652	1.515	0.433	22.296	9.282	0.527
ABCDEFGH	30751.662	34421.707	27905.443	39326.310	20117.090	19124.330
ABCDEFGHEFGH	17.271	42.111	0.677	0.589	18.815	0.741
ABCDEFGHkBCDEFGBCDEFGH	0.0	1.367	0.0	3.671	7.780	0.0
ABCDEFGuEFGH	2.295	5.944	0.246	1.000	1.455	0.510
ABCDEFtH	2.746	3.163	11.591	2.720	3.011	5.758
ABCDGH	0.628	14.222	0.017	0.002	0.516	0.001
ABCDIFGH	200.994	252.181	85.452	61.557	121.866	102.030
ABCDtH	92.778	160.720	140.775	137.594	113.154	97.382
ABCH	15.748	33.878	3.622	40.520	130.372	3.404
ADEFGH	3.625	6.659	8.422	6.192	5.000	4.798
ADIFGH	0.612	0.780	0.032	0.550	2.044	0.017
ADtH	4.774	7.388	14.579	5.206	3.916	6.454
AFGH	64.160	174.429	96.521	638.615	1195.861	85.758
AuEFGH	0.478	6.307	0.0	0.0	0.895	0.006
