HOR	0	1
ABCD	392.642	553.770
ABCDEFGHIFGHIJK	0.063	23.072
ABCDEFGHIJK	4.816	146.555
ABCDEFNMIJK	0.115	8.479
ABCDIJK	13.260	11.356
ABCDPEFGHIJK	2.775	4.542
ABCHIJK	2.509	2.486
ABCLEF	1.021	0.224
ABCLEFGD	1.909	1.386
ABCLEFGHID	20.790	21.555
ABCLEFGHIFGHIJK	0.277	10.522
ABCLEFGHIJK	382.061	468.054
ABCLEFGLEFGHIJK	3.045	1.759
ABCLEFNMIJK	15.829	64.240
AOEFGHIJK	4.156	17.044
HOR	0	1
ABCD	15608.042	15124.897
ABCDEFGHIFGHIJK	0.362	110.471
ABCDEFGHIJK	65.175	2863.919
ABCDEFNMIJK	0.657	9.775
ABCDIJK	38.799	30.903
ABCDPEFGHIJK	26.684	23.586
ABCHIJK	8.954	3.308
ABCLEF	3.634	0.498
ABCLEFGD	6.374	5.919
ABCLEFGHID	188.528	74.978
ABCLEFGHIFGHIJK	0.459	12.247
ABCLEFGHIJK	16574.987	10676.371
ABCLEFGLEFGHIJK	17.970	8.056
ABCLEFNMIJK	213.890	540.244
AOEFGHIJK	12.207	32.092
HOR	0	1	2
ABCD	416.420	554.685	383.562
ABCDEFGHIFGHIJK	0.189	23.518	0.073
ABCDEFGHIJK	4.418	148.467	5.497
ABCDEFNMIJK	0.271	8.443	0.105
ABCDIJK	10.254	11.500	14.473
ABCDPEFGHIJK	1.489	4.688	3.295
ABCHIJK	5.830	2.352	1.152
ABCLEF	3.276	0.148	0.092
ABCLEFGD	4.675	1.122	0.801
ABCLEFGHID	17.266	21.560	22.257
ABCLEFGHIFGHIJK	0.251	10.681	0.321
ABCLEFGHIJK	413.550	468.155	369.474
ABCLEFGLEFGHIJK	9.034	1.532	0.588
ABCLEFNMIJK	9.479	65.204	18.591
AOEFGHIJK	2.455	17.394	4.881
HOR	0	1	2
ABCD	17161.290	15659.899	14757.422
ABCDEFGHIFGHIJK	1.678	108.577	0.464
ABCDEFGHIJK	147.048	2860.009	76.684
ABCDEFNMIJK	2.583	10.098	0.371
ABCDIJK	18.168	31.423	42.247
ABCDPEFGHIJK	13.860	23.818	31.034
ABCHIJK	11.626	2.890	1.477
ABCLEF	4.720	0.343	0.206
ABCLEFGD	9.006	4.046	1.138
ABCLEFGHID	126.083	77.754	206.891
ABCLEFGHIFGHIJK	0.669	11.937	0.566
ABCLEFGHIJK	16984.314	11071.488	15873.652
ABCLEFGLEFGHIJK	9.205	6.793	0.680
ABCLEFNMIJK	154.167	532.288	216.664
AOEFGHIJK	7.132	29.586	12.615
HOR	0	1	2	3
ABCD	461.869	554.685	450.457	286.409
ABCDEFGHIFGHIJK	0.091	23.518	0.235	0.042
ABCDEFGHIJK	3.341	148.467	3.909	7.877
ABCDEFNMIJK	0.048	8.443	0.338	0.148
ABCDIJK	18.081	11.500	11.188	9.512
ABCDPEFGHIJK	1.429	4.688	0.912	5.306
ABCHIJK	1.631	2.352	6.547	0.927
ABCLEF	0.100	0.148	3.412	0.489
ABCLEFGD	1.261	1.122	5.301	0.530
ABCLEFGHID	30.925	21.560	19.382	11.208
ABCLEFGHIFGHIJK	0.181	10.681	0.247	0.458
ABCLEFGHIJK	453.274	468.155	445.409	269.736
ABCLEFGLEFGHIJK	0.380	1.532	9.461	1.835
ABCLEFNMIJK	26.147	65.204	10.173	8.950
AOEFGHIJK	4.819	17.394	2.410	4.600
HOR	0	1	2	3
ABCD	10203.388	15659.899	14714.307	3593.369
ABCDEFGHIFGHIJK	0.788	108.577	2.087	0.062
ABCDEFGHIJK	64.925	2860.009	168.271	76.167
ABCDEFNMIJK	0.114	10.098	3.206	0.579
ABCDIJK	32.467	31.423	16.143	19.071
ABCDPEFGHIJK	7.298	23.818	6.175	49.269
ABCHIJK	1.781	2.890	11.025	1.670
ABCLEF	0.270	0.343	5.421	1.265
ABCLEFGD	1.218	4.046	8.758	1.164
ABCLEFGHID	158.776	77.754	106.653	70.936
ABCLEFGHIFGHIJK	0.404	11.937	0.812	0.629
ABCLEFGHIJK	10794.854	11071.488	14963.253	3216.374
ABCLEFGLEFGHIJK	0.472	6.793	8.959	7.180
ABCLEFNMIJK	213.619	532.288	176.631	65.540
AOEFGHIJK	11.129	29.586	7.893	13.659
HOR	0	1	2	3	4
ABCD	473.304	299.392	539.143	561.780	353.326
ABCDEFGHIFGHIJK	0.0	0.204	0.480	24.186	0.060
ABCDEFGHIJK	2.057	9.892	5.260	151.156	3.541
ABCDEFNMIJK	0.007	0.268	0.431	8.524	0.208
ABCDIJK	18.146	10.721	10.760	11.569	10.04
ABCDPEFGHIJK	1.007	5.783	0.250	4.582	1.611
ABCHIJK	1.722	0.718	8.848	2.399	4.384
ABCLEF	0.126	0.137	4.536	0.154	2.674
ABCLEFGD	1.356	0.313	7.377	1.164	3.457
ABCLEFGHID	32.393	12.302	26.616	22.034	12.479
ABCLEFGHIFGHIJK	0.080	0.613	0.294	10.874	0.232
ABCLEFGHIJK	465.403	279.999	549.185	474.133	342.598
ABCLEFGLEFGHIJK	0.470	0.862	10.592	1.511	8.399
ABCLEFNMIJK	26.217	12.159	15.697	66.072	4.764
AOEFGHIJK	4.616	5.341	2.838	17.368	2.077
HOR	0	1	2	3	4
ABCD	9840.193	4184.086	18987.024	14798.493	6443.965
ABCDEFGHIFGHIJK	0.0	1.220	5.088	99.760	0.172
ABCDEFGHIJK	11.360	171.519	386.781	2759.794	31.654
ABCDEFNMIJK	0.001	1.122	4.093	10.296	2.043
ABCDIJK	33.543	23.548	13.183	32.494	20.394
ABCDPEFGHIJK	5.804	49.167	1.012	24.405	8.076
ABCHIJK	2.044	0.857	13.823	2.937	5.253
ABCLEF	0.324	0.376	7.460	0.355	2.611
ABCLEFGD	1.498	0.329	9.929	4.152	4.240
ABCLEFGHID	152.619	59.479	114.678	74.199	63.604
ABCLEFGHIFGHIJK	0.044	1.226	1.666	11.312	0.254
ABCLEFGHIJK	10369.586	4088.199	16371.582	10458.092	4522.160
ABCLEFGLEFGHIJK	1.469	0.833	11.836	7.042	6.602
ABCLEFNMIJK	226.342	108.762	252.567	530.837	48.643
AOEFGHIJK	11.358	14.889	10.995	30.705	5.627
HOR	0	1	2	3	4	5
ABCD	561.878	393.344	359.020	561.780	535.444	270.151
ABCDEFGHIFGHIJK	0.0	0.097	0.0	24.186	0.583	0.169
ABCDEFGHIJK	1.084	4.114	2.919	151.156	6.387	11.834
ABCDEFNMIJK	0.0	0.054	0.0	8.524	0.838	0.354
ABCDIJK	21.961	15.235	10.157	11.569	10.572	8.954
ABCDPEFGHIJK	0.163	2.093	1.584	4.582	0.285	7.393
ABCHIJK	2.359	1.089	4.417	2.399	8.784	0.649
ABCLEF	0.053	0.163	2.548	0.154	4.513	0.162
ABCLEFGD	2.080	0.724	3.580	1.164	7.185	0.170
ABCLEFGHID	40.703	24.643	12.756	22.034	26.343	8.098
ABCLEFGHIFGHIJK	0.033	0.231	0.169	10.874	0.41	0.719
ABCLEFGHIJK	558.796	380.085	348.511	474.133	543.886	249.964
ABCLEFGLEFGHIJK	0.092	0.557	8.435	1.511	10.489	0.992
ABCLEFNMIJK	37.906	17.360	5.524	66.072	16.224	10.842
AOEFGHIJK	5.168	4.192	1.979	17.368	3.191	6.121
HOR	0	1	2	3	4	5
ABCD	10686.627	3975.645	6537.479	14798.493	18438.653	3636.133
ABCDEFGHIFGHIJK	0.0	0.842	0.0	99.760	5.100	0.631
ABCDEFGHIJK	1.831	71.053	14.671	2759.794	398.433	174.024
ABCDEFNMIJK	0.0	0.122	0.0	10.296	7.723	1.598
ABCDIJK	28.807	25.371	20.239	32.494	13.399	15.528
ABCDPEFGHIJK	0.667	9.615	8.141	24.405	0.994	65.790
ABCHIJK	2.856	0.951	4.891	2.937	13.288	0.685
ABCLEF	0.019	0.537	2.603	0.355	7.133	0.507
ABCLEFGD	1.542	0.569	4.021	4.152	10.330	0.222
ABCLEFGHID	167.870	82.998	71.626	74.199	111.178	32.530
ABCLEFGHIFGHIJK	0.013	0.448	0.091	11.312	1.897	1.325
ABCLEFGHIJK	10669.724	4201.212	5067.996	10458.092	16273.229	3188.492
ABCLEFGLEFGHIJK	0.053	0.690	6.449	7.042	11.542	0.916
ABCLEFNMIJK	178.040	152.526	70.063	530.837	247.476	77.298
AOEFGHIJK	10.057	10.311	3.887	30.705	13.363	18.237
