HOR	0	1
ABCHIJ	34.208	21.204
ABCdCdgfGHIJ	1.968	0.640
ABCdgfGHIJ	622.979	492.037
HOR	0	1
ABCHIJ	60.647	74.157
ABCdCdgfGHIJ	4.152	0.538
ABCdgfGHIJ	5361.032	6796.589
HOR	0	1	2
ABCHIJ	18.128	31.577	34.184
ABCdCdgfGHIJ	0.749	0.710	3.872
ABCdgfGHIJ	464.833	589.272	634.908
HOR	0	1	2
ABCHIJ	56.875	64.868	66.051
ABCdCdgfGHIJ	0.651	0.453	5.139
ABCdgfGHIJ	5656.775	5711.622	6294.887
HOR	0	1	2	3
ABCHIJ	31.516	31.108	33.120	14.742
ABCdCdgfGHIJ	0.638	0.991	4.418	0.766
ABCdgfGHIJ	505.771	653.965	609.479	469.475
HOR	0	1	2	3
ABCHIJ	26.341	94.379	75.151	28.600
ABCdCdgfGHIJ	0.470	0.698	5.660	0.588
ABCdgfGHIJ	2764.117	2808.299	7546.576	6967.218
HOR	0	1	2	3	4
ABCHIJ	19.380	34.351	31.622	37.701	15.183
ABCdCdgfGHIJ	1.188	5.331	0.591	1.418	0.682
ABCdgfGHIJ	608.590	622.699	506.479	656.807	440.697
HOR	0	1	2	3	4
ABCHIJ	31.683	52.506	22.440	44.904	32.725
ABCdCdgfGHIJ	1.087	7.777	0.431	1.078	0.572
ABCdgfGHIJ	2419.000	9564.598	2796.435	3620.372	4562.904
HOR	0	1	2	3	4	5
ABCHIJ	15.327	19.678	31.79	38.728	31.963	32.550
ABCdCdgfGHIJ	0.694	0.944	14.99	1.172	0.606	4.015
ABCdgfGHIJ	444.872	617.174	596.68	670.632	508.199	606.819
HOR	0	1	2	3	4	5
ABCHIJ	31.663	36.105		47.457	22.408	57.254
ABCdCdgfGHIJ	0.518	0.737		0.836	0.426	2.005
ABCdgfGHIJ	4552.021	2008.093		3327.804	2880.199	7903.641
