HOR	0	1
ABCCBEFGHNLMOPFGHCJKH	17.629	13.431
ABCDCDCDEFGH	7.070	4.163
ABCDCDEFGHCJKH	12.162	7.151
ABCDEFGFGHCJKH	2.313	1.316
ABCDEFGH	499.146	360.205
ABCDEFGHCJKH	446.594	295.723
ABCDEFGHEFGHCJKH	25.084	13.624
ABEFGH	53.300	38.220
ABEFGHCJKH	54.995	39.242
ABEFGHSJKH	8.260	11.075
ABEFNLMO	170.407	157.007
ABEr	8.734	5.379
HOR	0	1
ABCCBEFGHNLMOPFGHCJKH	55.063	23.491
ABCDCDCDEFGH	5.789	3.804
ABCDCDEFGHCJKH	27.661	13.925
ABCDEFGFGHCJKH	6.054	2.354
ABCDEFGH	9786.494	9229.062
ABCDEFGHCJKH	11639.079	6174.729
ABCDEFGHEFGHCJKH	123.578	54.414
ABEFGH	131.151	59.347
ABEFGHCJKH	280.729	83.428
ABEFGHSJKH	12.869	64.566
ABEFNLMO	2820.979	2466.409
ABEr	14.194	5.052
HOR	0	1	2
ABCCBEFGHNLMOPFGHCJKH	13.186	17.620	15.877
ABCDCDCDEFGH	4.030	6.809	7.701
ABCDCDEFGHCJKH	6.596	12.358	10.811
ABCDEFGFGHCJKH	1.356	1.738	5.897
ABCDEFGH	350.849	498.323	457.545
ABCDEFGHCJKH	289.592	419.788	586.528
ABCDEFGHEFGHCJKH	12.973	24.786	22.475
ABEFGH	38.047	49.297	74.492
ABEFGHCJKH	39.474	48.817	90.400
ABEFGHSJKH	11.428	8.436	6.157
ABEFNLMO	154.995	168.536	192.574
ABEr	5.307	7.563	16.200
HOR	0	1	2
ABCCBEFGHNLMOPFGHCJKH	23.000	46.621	101.913
ABCDCDCDEFGH	3.811	5.607	5.530
ABCDCDEFGHCJKH	11.278	26.679	15.087
ABCDEFGFGHCJKH	2.548	3.957	4.862
ABCDEFGH	9152.078	7316.610	24542.346
ABCDEFGHCJKH	6038.150	9280.689	6960.986
ABCDEFGHEFGHCJKH	52.871	123.311	50.998
ABEFGH	63.995	63.446	198.580
ABEFGHCJKH	92.507	81.132	476.161
ABEFGHSJKH	67.977	13.654	8.730
ABEFNLMO	2559.075	2707.290	1780.081
ABEr	5.232	6.180	11.782
HOR	0	1	2	3
ABCCBEFGHNLMOPFGHCJKH	11.107	12.925	14.047	20.949
ABCDCDCDEFGH	7.015	3.856	6.500	6.992
ABCDCDEFGHCJKH	10.842	6.682	15.482	8.132
ABCDEFGFGHCJKH	5.83	1.128	0.421	3.546
ABCDEFGH	375.292	344.399	455.201	527.656
ABCDEFGHCJKH	596.365	280.577	423.966	416.135
ABCDEFGHEFGHCJKH	23.425	12.839	31.827	16.005
ABEFGH	81.004	37.628	51.155	47.052
ABEFGHCJKH	103.882	38.973	51.490	46.590
ABEFGHSJKH	6.333	11.825	10.111	6.637
ABEFNLMO	207.062	155.398	156.441	176.231
ABEr	17.103	5.130	7.466	7.991
HOR	0	1	2	3
ABCCBEFGHNLMOPFGHCJKH	20.081	19.248	21.362	57.018
ABCDCDCDEFGH	3.255	3.537	4.875	6.570
ABCDCDEFGHCJKH	23.036	10.115	16.285	14.944
ABCDEFGFGHCJKH	5.777	1.778	0.810	3.859
ABCDEFGH	5617.473	8187.248	7671.814	9147.129
ABCDEFGHCJKH	10190.782	5606.990	10053.203	8962.873
ABCDEFGHEFGHCJKH	65.678	47.635	84.882	46.904
ABEFGH	183.052	65.476	77.269	58.307
ABEFGHCJKH	185.244	87.670	89.506	90.942
ABEFGHSJKH	10.214	64.690	26.714	9.453
ABEFNLMO	1519.653	2288.259	2489.576	3115.955
ABEr	15.931	5.141	6.481	8.423
HOR	0	1	2	3	4
ABCCBEFGHNLMOPFGHCJKH	14.559	23.607	14.747	13.565	12.258
ABCDCDCDEFGH	3.197	7.002	6.813	7.441	4.767
ABCDCDEFGHCJKH	5.239	7.211	15.751	10.652	8.335
ABCDEFGFGHCJKH	0.801	3.753	0.726	5.665	1.452
ABCDEFGH	343.009	546.963	482.780	431.447	362.943
ABCDEFGHCJKH	245.264	394.367	448.310	583.660	325.269
ABCDEFGHEFGHCJKH	8.731	14.483	32.169	22.569	16.866
ABEFGH	37.725	46.785	52.788	75.276	38.719
ABEFGHCJKH	36.444	45.557	53.201	92.671	41.097
ABEFGHSJKH	19.421	7.621	9.412	6.173	6.540
ABEFNLMO	167.912	181.563	158.409	190.041	150.687
ABEr	4.594	8.002	7.589	16.29	5.812
HOR	0	1	2	3	4
ABCCBEFGHNLMOPFGHCJKH	25.804	60.257	21.340	29.352	13.742
ABCDCDCDEFGH	2.959	7.810	4.443	4.967	4.151
ABCDCDEFGHCJKH	10.122	12.151	15.620	15.960	11.088
ABCDEFGFGHCJKH	1.270	4.299	1.753	4.448	2.205
ABCDEFGH	10129.434	5987.722	7436.635	16257.988	8109.837
ABCDEFGHCJKH	4355.830	8673.529	9755.187	7416.333	5668.868
ABCDEFGHEFGHCJKH	33.258	52.592	85.715	55.113	39.429
ABEFGH	92.746	46.301	61.310	205.805	45.208
ABEFGHCJKH	67.382	55.447	67.724	437.632	91.604
ABEFGHSJKH	57.982	8.758	16.140	9.453	11.250
ABEFNLMO	1923.853	3039.991	2667.311	1831.130	2624.654
ABEr	3.144	6.790	6.731	12.643	5.748
HOR	0	1	2	3	4	5
ABCCBEFGHNLMOPFGHCJKH	14.706	25.403	17.354	14.187	11.503	11.107
ABCDCDCDEFGH	3.046	7.669	6.523	6.667	4.323	7.015
ABCDCDEFGHCJKH	5.241	8.030	8.590	16.459	8.268	10.842
ABCDEFGFGHCJKH	0.837	4.921	2.187	0.342	1.226	5.83
ABCDEFGH	342.796	572.078	484.276	470.559	341.372	375.292
ABCDEFGHCJKH	244.819	464.521	370.989	447.565	307.839	596.365
ABCDEFGHEFGHCJKH	8.568	16.631	16.575	34.269	16.705	23.425
ABEFGH	37.634	50.345	44.237	53.852	37.942	81.004
ABEFGHCJKH	36.198	49.493	45.048	53.786	40.508	103.882
ABEFGHSJKH	20.058	7.49	7.053	10.156	6.866	6.333
ABEFNLMO	172.402	158.474	192.401	153.456	138.786	207.062
ABEr	4.490	9.680	6.536	7.790	5.709	17.103
HOR	0	1	2	3	4	5
ABCCBEFGHNLMOPFGHCJKH	27.250	74.541	18.145	22.146	12.297	20.081
ABCDCDCDEFGH	2.397	10.183	3.833	4.738	3.529	3.255
ABCDCDEFGHCJKH	10.674	19.158	12.319	16.097	11.145	23.036
ABCDEFGFGHCJKH	1.301	3.702	1.909	0.662	2.191	5.777
ABCDEFGH	10493.306	7707.487	7572.981	6901.205	6448.642	5617.473
ABCDEFGHCJKH	4620.157	11522.801	5271.467	9506.333	5266.738	10190.782
ABCDEFGHEFGHCJKH	34.477	69.109	37.836	82.900	47.437	65.678
ABEFGH	99.143	76.815	37.002	62.792	46.093	183.052
ABEFGHCJKH	69.256	110.923	67.162	70.659	93.748	185.244
ABEFGHSJKH	59.481	5.983	14.007	14.642	12.711	10.214
ABEFNLMO	1501.471	1965.828	2234.872	2789.709	2535.641	1519.653
ABEr	3.321	10.034	3.732	7.371	6.116	15.931
