HOR	0	1
ABCBCDEF	14.747	9.13
ABCD	18.767	12.640
ABCDCDEF	3.988	26.686
ABCDCDgBCDEF	1.093	5.418
ABCDCDgBCDgBCDEF	0.034	9.956
ABCDEBCDEF	1.269	2.893
ABCDEF	1978.158	2114.676
ABCDEFCDEF	1.869	0.509
ABCDEFF	0.143	5.499
ABCDEFgBCDEF	12.422	6.953
ABCDgBCDEF	33.155	118.451
ABCDgBEF	1.310	15.428
ABCDgDEF	0.591	4.914
ABCF	17.336	20.986
ABCIJHCDEF	6.399	3.440
ABEF	17.129	18.547
ABgBCDEF	8.112	6.555
HOR	0	1
ABCBCDEF	80.916	46.728
ABCD	349.386	251.054
ABCDCDEF	3.170	67.979
ABCDCDgBCDEF	1.687	13.611
ABCDCDgBCDgBCDEF	0.107	23.478
ABCDEBCDEF	2.335	3.672
ABCDEF	204565.884	89455.413
ABCDEFCDEF	6.908	0.701
ABCDEFF	0.120	6.653
ABCDEFgBCDEF	142.820	87.698
ABCDgBCDEF	175.796	1110.962
ABCDgBEF	1.654	33.365
ABCDgDEF	0.270	3.965
ABCF	91.436	55.603
ABCIJHCDEF	32.682	7.231
ABEF	44.031	30.604
ABgBCDEF	31.532	25.475
HOR	0	1	2
ABCBCDEF	9.392	21.428	9.13
ABCD	5.817	34.925	12.640
ABCDCDEF	4.158	3.775	26.686
ABCDCDgBCDEF	1.428	0.675	5.418
ABCDCDgBCDgBCDEF	0.019	0.053	9.956
ABCDEBCDEF	1.576	0.886	2.893
ABCDEF	1849.467	2138.737	2114.676
ABCDEFCDEF	0.591	3.463	0.509
ABCDEFF	0.160	0.122	5.499
ABCDEFgBCDEF	4.200	22.681	6.953
ABCDgBCDEF	37.161	28.157	118.451
ABCDgBEF	1.382	1.219	15.428
ABCDgDEF	0.432	0.788	4.914
ABCF	12.595	23.252	20.986
ABCIJHCDEF	6.882	5.797	3.440
ABEF	15.882	18.685	18.547
ABgBCDEF	5.245	11.690	6.555
HOR	0	1	2
ABCBCDEF	29.259	65.074	46.728
ABCD	68.505	229.050	251.054
ABCDCDEF	3.287	2.970	67.979
ABCDCDgBCDEF	1.841	1.193	13.611
ABCDCDgBCDgBCDEF	0.006	0.234	23.478
ABCDEBCDEF	3.394	0.765	3.672
ABCDEF	199699.940	165609.323	89455.413
ABCDEFCDEF	1.116	9.589	0.701
ABCDEFF	0.106	0.138	6.653
ABCDEFgBCDEF	34.644	88.031	87.698
ABCDgBCDEF	196.512	106.069	1110.962
ABCDgBEF	2.073	1.130	33.365
ABCDgDEF	0.180	0.314	3.965
ABCF	67.739	58.272	55.603
ABCIJHCDEF	44.313	17.775	7.231
ABEF	51.334	30.895	30.604
ABgBCDEF	9.492	36.097	25.475
HOR	0	1	2	3
ABCBCDEF	9.564	23.613	9.13	13.164
ABCD	6.460	39.736	12.640	15.093
ABCDCDEF	4.239	3.572	26.686	4.049
ABCDCDgBCDEF	1.086	0.268	5.418	1.950
ABCDCDgBCDgBCDEF	0.029	0.075	9.956	0.0
ABCDEBCDEF	1.736	0.869	2.893	1.002
ABCDEF	1760.894	2078.961	2114.676	2190.071
ABCDEFCDEF	0.699	3.833	0.509	1.549
ABCDEFF	0.198	0.158	5.499	0.048
ABCDEFgBCDEF	4.476	25.304	6.953	10.724
ABCDgBCDEF	34.482	25.280	118.451	39.320
ABCDgBEF	1.534	1.346	15.428	0.946
ABCDgDEF	0.495	0.833	4.914	0.481
ABCF	9.492	22.908	20.986	23.001
ABCIJHCDEF	4.158	4.196	3.440	11.917
ABEF	12.911	17.069	18.547	23.315
ABgBCDEF	5.833	13.415	6.555	5.973
HOR	0	1	2	3
ABCBCDEF	31.727	71.416	46.728	40.690
ABCD	77.780	236.050	251.054	176.965
ABCDCDEF	2.935	3.016	67.979	3.483
ABCDCDgBCDEF	1.006	0.402	13.611	2.596
ABCDCDgBCDgBCDEF	0.010	0.351	23.478	0.0
ABCDEBCDEF	3.704	0.861	3.672	1.359
ABCDEF	151291.022	171781.837	89455.413	196025.716
ABCDEFCDEF	1.360	11.803	0.701	4.022
ABCDEFF	0.124	0.198	6.653	0.024
ABCDEFgBCDEF	40.573	102.701	87.698	68.372
ABCDgBCDEF	149.779	91.196	1110.962	199.841
ABCDgBEF	2.384	1.318	33.365	0.771
ABCDgDEF	0.217	0.330	3.965	0.207
ABCF	29.557	61.334	55.603	59.699
ABCIJHCDEF	16.103	7.186	7.231	40.648
ABEF	18.638	20.753	30.604	41.223
ABgBCDEF	10.868	37.780	25.475	14.546
HOR	0	1	2	3	4
ABCBCDEF	9.13	7.815	26.220	16.929	13.803
ABCD	12.640	1.928	49.801	23.505	15.029
ABCDCDEF	26.686	4.335	3.779	3.560	4.146
ABCDCDgBCDEF	5.418	1.286	0.096	0.493	2.150
ABCDCDgBCDgBCDEF	9.956	0.028	0.006	0.089	0.0
ABCDEBCDEF	2.893	1.908	0.766	1.088	0.974
ABCDEF	2114.676	1771.982	2271.559	1793.354	2254.701
ABCDEFCDEF	0.509	0.166	4.760	2.503	1.481
ABCDEFF	5.499	0.224	0.124	0.141	0.053
ABCDEFgBCDEF	6.953	1.098	31.089	16.137	10.762
ABCDgBCDEF	118.451	37.795	25.119	25.568	40.728
ABCDgBEF	15.428	1.632	1.293	1.296	0.921
ABCDgDEF	4.914	0.394	0.868	0.754	0.483
ABCF	20.986	8.914	27.615	15.481	23.507
ABCIJHCDEF	3.440	4.695	4.607	3.896	12.500
ABEF	18.547	13.586	18.299	14.164	24.170
ABgBCDEF	6.555	5.018	15.897	8.934	6.124
HOR	0	1	2	3	4
ABCBCDEF	46.728	21.980	86.639	38.129	48.082
ABCD	251.054	9.107	175.429	58.244	190.351
ABCDCDEF	67.979	3.109	3.108	2.815	3.418
ABCDCDgBCDEF	13.611	1.057	0.195	0.453	2.659
ABCDCDgBCDgBCDEF	23.478	0.009	0.001	0.384	0.0
ABCDEBCDEF	3.672	4.573	0.706	1.004	1.247
ABCDEF	89455.413	176556.623	138064.962	93913.499	186689.956
ABCDEFCDEF	0.701	0.108	16.181	3.760	3.571
ABCDEFF	6.653	0.153	0.087	0.177	0.025
ABCDEFgBCDEF	87.698	1.479	102.481	24.645	71.623
ABCDgBCDEF	1110.962	153.095	81.257	72.115	195.124
ABCDgBEF	33.365	2.836	0.755	1.531	0.634
ABCDgDEF	3.965	0.145	0.295	0.331	0.218
ABCF	55.603	33.577	43.413	27.096	66.993
ABCIJHCDEF	7.231	19.403	6.362	10.096	42.437
ABEF	30.604	24.794	22.062	15.803	38.646
ABgBCDEF	25.475	8.638	41.713	15.753	15.986
HOR	0	1	2	3	4	5
ABCBCDEF	17.438	4.236	26.053	13.767	7.976	10.259
ABCD	24.391	0.360	51.010	15.002	1.961	15.474
ABCDCDEF	3.628	38.036	3.740	4.116	4.309	24.066
ABCDCDgBCDEF	0.486	10.480	0.104	2.116	1.271	4.250
ABCDCDgBCDgBCDEF	0.088	17.763	0.007	0.0	0.027	8.155
ABCDEBCDEF	1.119	2.960	0.706	0.958	1.900	2.877
ABCDEF	1818.021	2472.123	2266.402	2240.925	1776.197	2032.189
ABCDEFCDEF	2.516	0.08	5.031	1.458	0.171	0.608
ABCDEFF	0.153	10.073	0.093	0.052	0.228	4.444
ABCDEFgBCDEF	16.600	0.963	31.923	10.764	1.111	8.335
ABCDgBCDEF	25.767	175.186	24.869	40.408	37.641	105.358
ABCDgBEF	1.337	22.64	1.213	0.928	1.629	13.763
ABCDgDEF	0.719	6.330	0.923	0.486	0.409	4.588
ABCF	15.720	25.426	28.121	23.486	8.917	19.961
ABCIJHCDEF	3.675	6.2	4.743	12.579	4.669	2.803
ABEF	14.400	24.956	18.243	24.004	13.576	17.068
ABgBCDEF	9.190	2.53	16.100	6.110	5.053	7.483
HOR	0	1	2	3	4	5
ABCBCDEF	42.548	0.963	92.823	47.402	23.828	50.882
ABCD	59.897	0.102	160.406	187.375	9.086	267.397
ABCDCDEF	2.785	140.488	3.259	3.420	3.123	21.919
ABCDCDgBCDEF	0.450	45.025	0.210	2.690	1.064	1.628
ABCDCDgBCDgBCDEF	0.379	48.715	0.002	0.0	0.009	2.477
ABCDEBCDEF	0.991	2.460	0.689	1.242	4.521	4.178
ABCDEF	113909.745	1681.707	124243.560	195872.356	175833.635	72225.760
ABCDEFCDEF	3.646	0.019	16.413	3.549	0.108	0.817
ABCDEFF	0.184	6.506	0.070	0.024	0.152	0.796
ABCDEFgBCDEF	22.042	1.251	100.334	70.487	1.475	98.374
ABCDgBCDEF	73.866	1524.050	81.504	198.586	153.164	144.261
ABCDgBEF	1.588	58.086	0.656	0.628	2.801	16.022
ABCDgDEF	0.331	14.451	0.271	0.215	0.161	1.932
ABCF	28.717	41.729	39.849	65.958	33.163	56.482
ABCIJHCDEF	7.413	6.633	6.232	42.167	19.217	5.590
ABEF	18.001	34.645	21.011	39.801	24.496	19.842
ABgBCDEF	16.222	0.003	44.254	15.745	8.632	26.858
