HOR	0	1
ABCDEFG	462.635	421.074
ABCDEFGHIHIJK	3.292	15.370
ABCDEFGHIJK	234.664	327.692
ABCEFG	6.402	2.584
ABClHI	0.216	4.362
ABClHIHIJK	0.055	0.263
ABClHIJJK	0.394	5.650
ABClHIJK	417.440	456.493
AK	1.632	6.910
HOR	0	1
ABCDEFG	11323.167	9476.631
ABCDEFGHIHIJK	17.670	42.084
ABCDEFGHIJK	3352.256	4059.990
ABCEFG	11.164	5.064
ABClHI	0.564	8.902
ABClHIHIJK	0.036	3.258
ABClHIJJK	1.465	14.115
ABClHIJK	8424.612	8375.576
AK	1.691	8.987
HOR	0	1	2
ABCDEFG	455.506	520.960	354.359
ABCDEFGHIHIJK	16.846	1.217	8.744
ABCDEFGHIJK	346.002	222.805	266.383
ABCEFG	2.569	8.018	3.234
ABClHI	5.065	0.053	1.311
ABClHIHIJK	0.334	0.017	0.114
ABClHIJJK	6.490	0.104	1.919
ABClHIJK	497.630	457.370	353.208
AK	7.647	1.456	3.122
HOR	0	1	2
ABCDEFG	7887.934	5612.135	4776.443
ABCDEFGHIHIJK	44.415	7.277	23.284
ABCDEFGHIJK	3566.002	2869.395	3466.703
ABCEFG	5.525	8.420	3.866
ABClHI	8.906	0.055	3.931
ABClHIHIJK	4.656	0.008	0.081
ABClHIJJK	15.446	0.461	5.828
ABClHIJK	5679.326	6646.002	3220.035
AK	9.066	0.720	6.341
HOR	0	1	2	3
ABCDEFG	644.83	357.045	523.112	447.251
ABCDEFGHIHIJK	15.33	8.603	1.058	16.428
ABCDEFGHIJK	583.49	268.419	219.857	337.713
ABCEFG	0.77	3.362	8.076	2.597
ABClHI	0.99	0.976	0.055	5.212
ABClHIHIJK	18.64	0.117	0.017	0.081
ABClHIJJK	1.21	1.694	0.107	6.451
ABClHIJK	703.53	353.999	458.563	487.426
AK	1.43	2.939	1.457	7.583
HOR	0	1	2	3
ABCDEFG		4933.819	5621.222	7780.913
ABCDEFGHIHIJK		23.587	6.539	45.427
ABCDEFGHIJK		3634.985	2648.206	3051.773
ABCEFG		4.096	8.553	5.317
ABClHI		2.381	0.057	8.394
ABClHIHIJK		0.083	0.008	0.064
ABClHIJJK		5.416	0.474	14.637
ABClHIJK		3301.397	6794.392	5777.651
AK		6.152	0.733	8.561
HOR	0	1	2	3	4
ABCDEFG	353.694	478.226	523.682	375.042	644.83
ABCDEFGHIHIJK	8.060	12.597	1.130	22.534	15.33
ABCDEFGHIJK	262.020	309.899	221.671	381.149	583.49
ABCEFG	3.332	4.094	8.081	0.154	0.77
ABClHI	0.919	4.717	0.055	5.164	0.99
ABClHIHIJK	0.127	0.031	0.017	0.153	18.64
ABClHIJJK	1.384	5.884	0.107	7.068	1.21
ABClHIJK	348.385	497.759	459.725	445.430	703.53
AK	2.665	7.121	1.470	7.905	1.43
HOR	0	1	2	3	4
ABCDEFG	4888.426	4652.469	5507.757	6532.000	
ABCDEFGHIHIJK	19.565	21.181	6.899	28.937	
ABCDEFGHIJK	3716.892	1590.971	2632.227	2584.161	
ABCEFG	3.967	2.652	8.532	0.229	
ABClHI	2.444	7.271	0.057	11.955	
ABClHIHIJK	0.089	0.013	0.008	0.134	
ABClHIJJK	4.302	9.126	0.474	22.494	
ABClHIJK	3279.053	4812.002	6576.165	6624.791	
AK	5.820	6.518	0.730	11.452	
HOR	0	1	2	3	4	5
ABCDEFG	379.888	546.474	644.83	394.093	499.508	347.106
ABCDEFGHIHIJK	23.159	0.842	15.33	4.405	13.499	10.813
ABCDEFGHIJK	382.448	223.348	583.49	244.019	322.481	271.631
ABCEFG	0.177	8.524	0.77	4.551	4.088	3.055
ABClHI	5.464	0.064	0.99	0.016	4.924	2.319
ABClHIHIJK	0.146	0.007	18.64	0.120	0.043	0.085
ABClHIJJK	7.649	0.128	1.21	0.017	5.992	3.311
ABClHIJK	453.471	479.083	703.53	365.970	522.493	355.880
AK	8.251	1.549	1.43	0.941	7.326	4.930
HOR	0	1	2	3	4	5
ABCDEFG	4665.030	4100.819		4532.639	3811.658	4817.845
ABCDEFGHIHIJK	28.442	5.867		15.199	24.994	12.198
ABCDEFGHIJK	1524.387	2035.498		5084.534	2276.522	2719.999
ABCEFG	0.260	8.780		5.603	3.036	4.226
ABClHI	11.555	0.071		0.005	7.595	4.820
ABClHIHIJK	0.136	0.002		0.080	0.021	0.063
ABClHIJJK	22.229	0.596		0.009	10.951	5.453
ABClHIJK	5177.866	5576.247		3973.279	3451.026	2968.904
AK	10.488	0.800		0.391	8.039	4.521
