HOR	0	1
AB	2.812	6.198
ADCB	12.191	0.972
AG	18.528	48.470
AGCB	1.811	3.935
AGFM	906.206	843.834
AGFMHM	1.604	4.371
AGFNCB	0.162	0.023
AGFO	5.182	4.811
AGHDCB	1.565	0.515
AGHEDCB	484.152	317.808
AGHEDCM	12.461	12.815
AGHEDCO	220.965	480.352
AGHEDCPFM	6.879	0.182
AGHEDJO	2.176	0.226
AGHEGFM	7.294	3.867
AGHEKJO	60.829	79.363
AGHENCB	9.936	0.948
AGHM	6.832	11.440
AGHTM	2.758	0.097
AGHhDCB	14.031	1.247
AGHhDCO	5.207	10.798
AGHhKJO	4.967	2.832
AGIEDCB	36.694	12.306
AGIEDCO	10.398	4.546
AGIEDJB	2.029	0.056
AGIEKJO	8.128	0.606
AGLO	27.448	14.375
AGREDCM	5.089	0.082
AGVEDCB	5.124	3.868
AGVEDCO	3.814	10.418
AGVEGFM	4.210	0.341
AGVEKJO	6.508	1.375
AM	4.385	10.979
ANCB	533.772	546.977
ANCGFM	5.671	13.543
ANCM	12.945	9.092
ANCO	19.339	29.471
ANCSB	6.827	0.066
ANFM	1.562	0.193
HOR	0	1
AB	4.466	7.957
ADCB	42.960	4.489
AG	186.724	283.438
AGCB	5.671	11.559
AGFM	50145.156	20128.385
AGFMHM	2.434	5.027
AGFNCB	0.935	0.015
AGFO	11.125	10.474
AGHDCB	2.182	0.191
AGHEDCB	23510.978	3600.717
AGHEDCM	20.725	20.603
AGHEDCO	11301.795	10802.117
AGHEDCPFM	43.506	0.346
AGHEDJO	5.999	0.110
AGHEGFM	31.544	2.543
AGHEKJO	304.868	330.672
AGHENCB	81.633	4.159
AGHM	9.213	11.922
AGHTM	4.041	0.134
AGHhDCB	83.916	1.421
AGHhDCO	8.262	13.167
AGHhKJO	8.068	2.477
AGIEDCB	168.559	17.041
AGIEDCO	19.842	3.622
AGIEDJB	4.436	0.035
AGIEKJO	37.285	0.519
AGLO	246.797	21.452
AGREDCM	37.973	0.150
AGVEDCB	7.720	1.828
AGVEDCO	13.704	30.969
AGVEGFM	7.513	0.787
AGVEKJO	38.283	1.139
AM	16.037	12.208
ANCB	17635.515	11235.892
ANCGFM	17.871	33.919
ANCM	34.404	39.574
ANCO	79.197	84.199
ANCSB	74.007	0.181
ANFM	2.683	0.098
HOR	0	1	2
AB	2.887	2.460	6.532
ADCB	10.036	17.687	0.775
AG	20.197	11.904	51.383
AGCB	1.881	1.319	4.213
AGFM	814.356	1155.623	866.948
AGFMHM	1.800	1.122	4.537
AGFNCB	0.121	0.298	0.014
AGFO	4.272	7.557	5.099
AGHDCB	1.076	3.131	0.487
AGHEDCB	412.107	680.420	325.244
AGHEDCM	11.304	14.992	13.430
AGHEDCO	234.208	188.662	497.991
AGHEDCPFM	4.267	14.595	0.171
AGHEDJO	1.321	4.762	0.223
AGHEGFM	5.192	13.654	3.980
AGHEKJO	59.881	62.653	81.585
AGHENCB	8.093	14.210	0.989
AGHM	7.014	6.263	11.822
AGHTM	1.935	5.045	0.097
AGHhDCB	9.907	25.682	1.229
AGHhDCO	5.361	4.865	11.221
AGHhKJO	4.190	7.223	2.831
AGIEDCB	31.818	48.817	12.064
AGIEDCO	9.103	13.664	4.521
AGIEDJB	1.624	3.028	0.044
AGIEKJO	5.543	15.635	0.564
AGLO	24.791	33.232	14.564
AGREDCM	2.814	12.028	0.067
AGVEDCB	4.093	8.022	4.042
AGVEDCO	4.282	2.810	10.763
AGVEGFM	3.308	6.710	0.260
AGVEKJO	5.391	9.155	1.408
AM	4.877	3.032	11.419
ANCB	489.198	648.796	564.272
ANCGFM	6.059	4.514	14.161
ANCM	11.125	17.187	9.573
ANCO	18.288	23.809	30.111
ANCSB	4.071	14.842	0.129
ANFM	1.152	2.705	0.189
HOR	0	1	2
AB	4.110	5.119	7.130
ADCB	31.697	52.300	2.372
AG	140.664	219.616	218.521
AGCB	5.250	5.545	11.779
AGFM	22679.301	70505.782	15148.058
AGFMHM	2.347	3.507	4.611
AGFNCB	0.318	2.979	0.004
AGFO	7.670	14.854	10.673
AGHDCB	0.693	3.917	0.175
AGHEDCB	9648.458	25826.357	3198.747
AGHEDCM	18.719	17.130	19.774
AGHEDCO	8879.806	17220.018	7793.483
AGHEDCPFM	10.295	78.839	0.547
AGHEDJO	1.394	12.887	0.086
AGHEGFM	4.222	71.250	2.773
AGHEKJO	303.587	357.332	259.167
AGHENCB	74.377	80.950	4.529
AGHM	7.207	14.123	11.165
AGHTM	2.126	3.867	0.202
AGHhDCB	34.784	81.662	1.592
AGHhDCO	6.540	13.285	11.921
AGHhKJO	3.641	16.534	2.530
AGIEDCB	127.472	174.657	12.511
AGIEDCO	12.781	32.827	3.551
AGIEDJB	3.413	6.414	0.027
AGIEKJO	8.133	65.307	0.465
AGLO	197.858	373.213	20.891
AGREDCM	6.862	80.142	0.160
AGVEDCB	2.630	14.539	1.630
AGVEDCO	11.496	21.904	31.142
AGVEGFM	4.465	10.914	0.345
AGVEKJO	29.616	57.452	1.099
AM	10.832	29.066	11.013
ANCB	10204.771	27958.876	8588.460
ANCGFM	17.317	19.466	30.355
ANCM	26.743	36.860	43.353
ANCO	55.838	134.012	83.187
ANCSB	27.426	145.703	0.666
ANFM	1.642	4.359	0.103
HOR	0	1	2	3
AB	6.518	3.380	0.989	3.262
ADCB	0.539	8.706	18.718	16.432
AG	51.021	25.148	1.894	15.026
AGCB	4.049	2.497	0.253	1.291
AGFM	863.897	823.465	870.197	1341.073
AGFMHM	4.631	2.166	0.027	1.537
AGFNCB	0.014	0.126	0.040	0.569
AGFO	4.936	4.851	3.996	8.593
AGHDCB	0.492	0.950	2.041	3.904
AGHEDCB	322.140	400.894	527.636	787.057
AGHEDCM	13.223	12.151	11.350	14.591
AGHEDCO	500.254	273.164	68.123	250.291
AGHEDCPFM	0.056	4.192	7.925	17.855
AGHEDJO	0.213	1.329	2.015	6.533
AGHEGFM	3.918	5.111	7.959	17.055
AGHEKJO	82.200	62.665	50.164	66.805
AGHENCB	0.707	6.856	14.262	16.265
AGHM	11.879	7.672	3.848	7.960
AGHTM	0.025	1.876	3.334	5.786
AGHhDCB	1.053	9.446	17.087	29.402
AGHhDCO	11.309	6.102	2.118	6.447
AGHhKJO	2.803	4.100	4.948	9.146
AGIEDCB	11.648	29.172	47.984	49.608
AGIEDCO	4.436	8.299	13.806	13.74
AGIEDJB	0.020	1.400	3.52	2.019
AGIEKJO	0.478	5.149	10.976	16.976
AGLO	14.445	22.961	37.353	27.694
AGREDCM	0.001	2.880	5.897	14.423
AGVEDCB	4.027	4.145	4.929	9.904
AGVEDCO	10.966	5.024	0.411	4.162
AGVEGFM	0.166	2.841	6.927	5.950
AGVEKJO	1.314	4.707	10.565	6.982
AM	11.329	6.065	0.122	4.475
ANCB	562.166	501.717	483.314	756.760
ANCGFM	14.367	6.953	1.731	5.962
ANCM	9.014	11.608	13.273	18.527
ANCO	30.537	20.303	10.666	30.746
ANCSB	0.018	3.338	7.757	22.528
ANFM	0.154	0.935	2.087	3.762
HOR	0	1	2	3
AB	7.229	4.140	0.813	6.752
ADCB	0.152	15.984	49.148	54.203
AG	220.650	127.775	8.165	216.719
AGCB	11.060	7.187	0.079	6.123
AGFM	15153.830	27041.911	9632.836	57493.813
AGFMHM	4.436	2.057	0.027	4.608
AGFNCB	0.004	0.355	0.018	5.797
AGFO	10.093	10.232	3.658	18.953
AGHDCB	0.179	0.522	1.149	5.657
AGHEDCB	2868.029	9409.301	4473.872	25194.144
AGHEDCM	18.755	20.786	21.665	20.404
AGHEDCO	7859.361	4017.304	612.957	16955.325
AGHEDCPFM	0.034	11.893	19.783	115.476
AGHEDJO	0.081	1.476	2.897	15.599
AGHEGFM	2.537	4.827	8.221	110.544
AGHEKJO	253.927	243.953	353.045	393.974
AGHENCB	0.408	40.415	158.056	64.962
AGHM	10.894	6.030	3.225	17.078
AGHTM	0.022	2.195	2.523	4.550
AGHhDCB	0.506	37.839	32.846	116.533
AGHhDCO	11.940	4.567	1.894	17.633
AGHhKJO	2.451	3.634	3.495	21.883
AGIEDCB	6.184	83.228	137.209	176.368
AGIEDCO	3.372	9.847	13.095	42.160
AGIEDJB	0.005	2.439	8.666	1.603
AGIEKJO	0.206	7.351	24.499	107.063
AGLO	20.980	150.458	464.160	121.568
AGREDCM	0.000	8.101	25.900	121.016
AGVEDCB	1.651	2.921	3.718	16.988
AGVEDCO	30.681	9.658	0.101	36.091
AGVEGFM	0.054	2.473	8.312	11.063
AGVEKJO	0.798	23.127	70.090	15.360
AM	11.075	9.009	0.266	45.851
ANCB	8692.468	11920.905	4610.295	23608.379
ANCGFM	29.773	14.876	1.249	29.659
ANCM	33.763	37.508	11.089	60.192
ANCO	79.513	41.056	24.884	118.873
ANCSB	0.006	13.700	56.169	143.129
ANFM	0.063	0.705	3.187	5.662
HOR	0	1	2	3	4
AB	2.303	6.583	2.955	3.196	2.517
ADCB	15.908	0.547	22.837	8.118	14.357
AG	16.075	51.352	6.908	23.851	13.316
AGCB	1.606	4.033	0.612	2.416	1.243
AGFM	889.967	868.099	1455.698	783.894	1032.550
AGFMHM	1.477	4.680	0.528	1.966	1.253
AGFNCB	0.014	0.015	0.031	0.152	0.288
AGFO	4.095	4.893	9.58	4.680	6.086
AGHDCB	1.735	0.495	5.844	0.835	2.109
AGHEDCB	476.449	323.926	882.995	376.238	603.247
AGHEDCM	13.908	13.232	16.421	11.522	12.069
AGHEDCO	182.552	502.547	188.972	267.071	183.178
AGHEDCPFM	3.442	0.057	25.825	3.940	11.044
AGHEDJO	0.409	0.216	9.27	1.358	3.532
AGHEGFM	6.720	3.888	27.814	4.845	8.730
AGHEKJO	72.514	83.079	72.245	58.988	52.268
AGHENCB	2.226	0.720	16.988	7.516	17.503
AGHM	7.562	11.947	5.644	7.332	5.718
AGHTM	1.687	0.026	7.345	1.825	4.202
AGHhDCB	10.633	1.055	37.75	8.791	20.821
AGHhDCO	5.208	11.402	4.108	5.691	4.756
AGHhKJO	3.087	2.850	11.428	4.191	6.286
AGIEDCB	48.248	11.655	58.442	26.487	41.624
AGIEDCO	14.278	4.496	18.487	7.519	11.037
AGIEDJB	5.584	0.021	3.112	0.789	1.555
AGIEKJO	9.059	0.488	27.128	4.471	10.472
AGLO	54.471	14.576	35.572	18.173	23.072
AGREDCM	2.208	0.001	24.815	2.736	7.820
AGVEDCB	5.615	4.017	12.790	3.730	5.942
AGVEDCO	3.433	11.062	1.880	4.899	2.632
AGVEGFM	5.475	0.155	7.921	2.641	5.439
AGVEKJO	17.281	1.318	10.235	2.912	4.788
AM	3.433	11.385	0.702	5.949	3.348
ANCB	546.494	565.138	772.811	473.045	587.828
ANCGFM	7.017	14.535	5.284	6.160	3.973
ANCM	10.607	8.943	21.012	11.558	15.561
ANCO	14.736	30.772	36.041	19.724	19.371
ANCSB	0.583	0.018	26.611	3.440	13.751
ANFM	0.553	0.157	3.425	0.994	2.929
HOR	0	1	2	3	4
AB	4.149	7.171	5.274	4.543	4.582
ADCB	56.763	0.152	76.747	19.292	30.066
AG	206.460	219.687	127.757	136.236	256.028
AGCB	4.392	11.269	0.821	7.237	5.839
AGFM	15755.397	14573.179	116571.697	22536.109	39043.328
AGFMHM	2.186	4.395	1.955	2.056	3.862
AGFNCB	0.003	0.004	0.006	0.429	2.692
AGFO	4.185	10.023	18.132	9.672	14.698
AGHDCB	1.084	0.182	5.672	0.415	1.615
AGHEDCB	7869.248	2761.568	33083.109	7286.873	12844.466
AGHEDCM	10.538	19.003	7.650	19.257	31.199
AGHEDCO	12170.339	7762.319	14092.459	5666.687	18409.931
AGHEDCPFM	11.005	0.035	201.448	7.972	18.141
AGHEDJO	0.832	0.082	15.895	1.166	4.799
AGHEGFM	7.283	2.396	91.195	3.889	12.432
AGHEKJO	210.635	220.905	398.952	226.114	386.687
AGHENCB	14.427	0.409	56.741	42.809	106.491
AGHM	8.393	10.891	6.257	5.808	15.522
AGHTM	2.094	0.023	6.456	2.104	1.677
AGHhDCB	30.096	0.501	189.940	31.728	35.661
AGHhDCO	6.732	11.753	7.158	4.493	17.045
AGHhKJO	1.483	2.393	39.517	4.048	5.110
AGIEDCB	132.981	6.299	97.568	68.468	100.831
AGIEDCO	10.070	3.260	66.044	8.249	11.708
AGIEDJB	4.737	0.005	1.296	0.375	0.615
AGIEKJO	18.226	0.205	93.378	6.581	20.260
AGLO	161.679	20.568	206.228	39.267	36.247
AGREDCM	12.187	0.000	125.510	6.072	20.822
AGVEDCB	2.325	1.680	15.998	2.182	7.995
AGVEDCO	11.088	30.857	11.779	10.694	19.220
AGVEGFM	8.956	0.048	20.084	2.620	6.811
AGVEKJO	27.760	0.802	18.593	4.629	3.764
AM	11.791	11.036	1.793	10.469	29.067
ANCB	8886.363	8425.940	52434.147	9573.815	19813.659
ANCGFM	21.849	28.798	27.336	13.410	20.215
ANCM	15.204	33.922	19.877	38.243	34.461
ANCO	54.435	78.401	221.198	44.943	82.218
ANCSB	2.601	0.006	120.432	11.780	86.768
ANFM	0.228	0.064	0.501	0.749	5.119
HOR	0	1	2	3	4	5
AB	2.896	2.583	1.197	3.375	4.291	6.948
ADCB	6.672	14.578	17.214	24.878	9.747	0.535
AG	21.991	18.575	1.792	7.103	31.879	53.823
AGCB	1.743	1.956	0.203	0.328	3.696	4.283
AGFM	732.972	894.321	897.082	1548.203	1026.319	885.274
AGFMHM	2.168	1.713	0.0	0.616	2.372	4.855
AGFNCB	0.073	0.015	0.048	0.0	0.469	0.015
AGFO	3.339	3.954	4.149	10.826	8.412	5.162
AGHDCB	0.825	1.651	2.040	6.248	1.311	0.487
AGHEDCB	342.521	469.934	556.908	932.416	521.915	327.894
AGHEDCM	9.519	14.033	10.162	16.565	15.981	13.814
AGHEDCO	267.797	201.299	75.064	199.598	328.035	517.535
AGHEDCPFM	2.717	2.704	9.412	29.67	8.756	0.056
AGHEDJO	1.000	0.154	2.819	10.465	2.984	0.220
AGHEGFM	4.334	6.250	9.565	25.296	7.185	3.919
AGHEKJO	60.174	72.827	43.383	75.461	66.524	83.360
AGHENCB	6.071	1.614	18.973	19.048	10.336	0.721
AGHM	7.728	7.963	3.229	5.849	8.822	11.896
AGHTM	1.432	1.540	3.780	8.146	3.149	0.029
AGHhDCB	6.274	9.417	18.730	42.203	17.056	1.098
AGHhDCO	5.683	5.633	1.892	4.241	7.677	11.806
AGHhKJO	3.813	2.959	6.456	9.288	5.558	2.838
AGIEDCB	21.906	47.546	45.150	58.806	34.215	11.799
AGIEDCO	6.778	13.942	13.238	16.42	8.323	4.561
AGIEDJB	0.592	5.397	2.053	2.933	1.135	0.022
AGIEKJO	3.331	8.180	11.629	27.678	7.613	0.449
AGLO	17.005	53.643	26.640	32.786	20.301	14.644
AGREDCM	1.819	1.395	8.024	25.751	5.892	0.001
AGVEDCB	3.420	5.495	4.635	14.020	5.873	4.102
AGVEDCO	5.092	3.936	0.408	1.991	5.546	11.546
AGVEGFM	2.141	4.982	6.658	8.671	3.233	0.166
AGVEKJO	2.485	16.934	6.31	10.176	3.323	1.398
AM	5.397	3.917	0.070	0.636	8.472	11.841
ANCB	438.863	555.657	488.106	834.85	622.339	579.930
ANCGFM	6.600	7.692	1.216	6.055	7.017	15.097
ANCM	8.811	10.511	14.400	21.903	17.040	9.407
ANCO	19.923	15.268	13.625	36.128	24.641	31.383
ANCSB	2.672	0.256	11.639	29.501	8.538	0.018
ANFM	0.803	0.500	2.872	3.224	1.839	0.141
HOR	0	1	2	3	4	5
AB	2.923	4.438	0.679	4.852	5.835	6.633
ADCB	24.067	43.861	43.612	57.099	9.172	0.158
AG	71.792	199.994	1.688	152.990	181.380	178.383
AGCB	3.597	6.064	0.201	0.306	11.569	11.368
AGFM	19172.314	15769.795	17077.011	68006.136	32119.558	13061.494
AGFMHM	1.934	2.084	0.0	2.281	3.331	4.501
AGFNCB	0.048	0.003	0.021	0.0	3.418	0.004
AGFO	4.692	3.588	4.447	8.703	11.871	9.913
AGHDCB	0.453	1.145	1.091	5.435	1.560	0.194
AGHEDCB	7109.335	7944.230	11204.115	19183.315	16549.986	2796.571
AGHEDCM	10.789	11.587	20.882	9.007	15.915	16.846
AGHEDCO	5536.598	11454.856	550.481	15962.585	3161.823	6370.740
AGHEDCPFM	5.781	4.606	18.963	117.598	21.461	0.037
AGHEDJO	0.894	0.094	2.841	7.079	4.465	0.078
AGHEGFM	3.240	3.980	50.938	56.192	11.445	2.515
AGHEKJO	302.777	212.950	229.686	391.867	117.777	238.093
AGHENCB	42.399	10.431	140.900	32.451	26.980	0.419
AGHM	11.192	6.968	2.063	7.153	7.796	9.098
AGHTM	2.308	2.069	2.599	2.359	2.012	0.026
AGHhDCB	23.999	19.671	40.968	61.338	51.649	0.535
AGHhDCO	3.792	6.269	0.935	8.441	8.029	11.357
AGHhKJO	3.090	1.343	13.965	8.943	7.716	2.506
AGIEDCB	61.685	143.429	76.016	115.970	76.430	6.708
AGIEDCO	7.333	11.527	19.200	43.359	10.690	3.306
AGIEDJB	0.326	5.075	2.345	1.285	0.552	0.006
AGIEKJO	4.869	9.035	36.218	109.515	11.164	0.189
AGLO	35.834	171.096	149.596	182.265	24.729	21.987
AGREDCM	3.546	4.172	32.010	143.254	11.917	0.000
AGVEDCB	2.136	2.192	2.856	6.49	7.049	1.758
AGVEDCO	10.245	11.365	0.127	14.031	17.560	31.768
AGVEGFM	2.893	5.974	9.094	19.373	2.007	0.049
AGVEKJO	3.904	29.691	17.280	22.283	3.589	0.813
AM	4.731	11.108	0.049	2.115	22.144	10.145
ANCB	7202.918	8211.936	9040.316	30591.188	10219.896	7174.550
ANCGFM	12.858	20.505	0.777	27.813	17.275	28.658
ANCM	20.960	17.061	13.137	17.192	51.669	34.668
ANCO	47.120	58.101	43.740	265.375	41.771	78.994
ANCSB	12.251	1.011	87.404	74.350	60.455	0.007
ANFM	0.603	0.177	4.408	0.263	3.343	0.051
