HOR	0	1
ABCDEFGHIJKL	556.877	875.276
ABCDEFGMKL	3.356	7.324
HOR	0	1
ABCDEFGHIJKL	8408.569	53652.568
ABCDEFGMKL	2.014	4.422
HOR	0	1	2
ABCDEFGHIJKL	526.958	1009.395	620.414
ABCDEFGMKL	2.423	8.064	5.002
HOR	0	1	2
ABCDEFGHIJKL	7009.122	52210.570	9146.329
ABCDEFGMKL	0.901	5.832	1.241
HOR	0	1	2	3
ABCDEFGHIJKL	589.508	1329.846	822.936	515.062
ABCDEFGMKL	4.406	10.561	6.859	2.071
HOR	0	1	2	3
ABCDEFGHIJKL	7110.400	68992.159	17688.660	6880.113
ABCDEFGMKL	0.893	12.822	1.901	0.640
HOR	0	1	2	3	4
ABCDEFGHIJKL	581.493	990.110	655.695	484.483	1492.235
ABCDEFGMKL	3.634	7.465	5.834	1.842	14.86
HOR	0	1	2	3	4
ABCDEFGHIJKL	6598.241	24914.015	8114.678	4621.720	194968.901
ABCDEFGMKL	0.612	2.220	1.136	0.626	0.672
HOR	0	1	2	3	4	5
ABCDEFGHIJKL	658.279	484.346	1039.906	693.506	1492.235	521.378
ABCDEFGMKL	3.306	1.879	7.323	6.539	14.86	4.446
HOR	0	1	2	3	4	5
ABCDEFGHIJKL	4086.876	3214.796	19858.458	5864.222	194968.901	3551.532
ABCDEFGMKL	0.772	0.576	2.625	1.264	0.672	0.565
